
2 6 4 3 8 9 1 7 5 
3 8 9 1 7 5 2 6 4 
1 7 5 2 6 4 3 8 9 
6 4 2 8 9 3 7 5 1 
8 9 3 7 5 1 6 4 2 
7 5 1 6 4 2 8 9 3 
4 2 6 9 3 8 5 1 7 
9 3 8 5 1 7 4 2 6 
5 1 7 4 2 6 9 3 8 

2 4 3 8 6 9 1 7 5 
8 6 9 1 7 5 2 4 3 
1 7 5 2 4 3 8 6 9 
4 3 2 6 9 8 7 5 1 
6 9 8 7 5 1 4 3 2 
7 5 1 4 3 2 6 9 8 
3 2 4 9 8 6 5 1 7 
9 8 6 5 1 7 3 2 4 
5 1 7 3 2 4 9 8 6 

2 3 4 6 8 9 1 7 5 
6 8 9 1 7 5 2 3 4 
1 7 5 2 3 4 6 8 9 
3 4 2 8 9 6 7 5 1 
8 9 6 7 5 1 3 4 2 
7 5 1 3 4 2 8 9 6 
4 2 3 9 6 8 5 1 7 
9 6 8 5 1 7 4 2 3 
5 1 7 4 2 3 9 6 8 

2 3 6 4 8 9 1 7 5 
4 8 9 1 7 5 2 3 6 
1 7 5 2 3 6 4 8 9 
3 6 2 8 9 4 7 5 1 
8 9 4 7 5 1 3 6 2 
7 5 1 3 6 2 8 9 4 
6 2 3 9 4 8 5 1 7 
9 4 8 5 1 7 6 2 3 
5 1 7 6 2 3 9 4 8 

2 6 4 3 8 9 1 7 5 
3 8 9 1 7 5 2 6 4 
1 7 5 2 6 4 3 8 9 
6 4 2 8 9 3 7 5 1 
8 9 3 7 5 1 6 4 2 
7 5 1 6 4 2 8 9 3 
4 2 6 9 3 8 5 1 7 
9 3 8 5 1 7 4 2 6 
5 1 7 4 2 6 9 3 8 

2 3 8 6 4 9 1 7 5 
6 4 9 1 7 5 2 3 8 
1 7 5 2 3 8 6 4 9 
3 8 2 4 9 6 7 5 1 
4 9 6 7 5 1 3 8 2 
7 5 1 3 8 2 4 9 6 
8 2 3 9 6 4 5 1 7 
9 6 4 5 1 7 8 2 3 
5 1 7 8 2 3 9 6 4 

2 4 3 6 8 9 1 7 5 
6 8 9 1 7 5 2 4 3 
1 7 5 2 4 3 6 8 9 
4 3 2 8 9 6 7 5 1 
8 9 6 7 5 1 4 3 2 
7 5 1 4 3 2 8 9 6 
3 2 4 9 6 8 5 1 7 
9 6 8 5 1 7 3 2 4 
5 1 7 3 2 4 9 6 8 

2 6 4 8 3 9 1 7 5 
8 3 9 1 7 5 2 6 4 
1 7 5 2 6 4 8 3 9 
6 4 2 3 9 8 7 5 1 
3 9 8 7 5 1 6 4 2 
7 5 1 6 4 2 3 9 8 
4 2 6 9 8 3 5 1 7 
9 8 3 5 1 7 4 2 6 
5 1 7 4 2 6 9 8 3 

2 3 4 8 6 9 1 7 5 
8 6 9 1 7 5 2 3 4 
1 7 5 2 3 4 8 6 9 
3 4 2 6 9 8 7 5 1 
6 9 8 7 5 1 3 4 2 
7 5 1 3 4 2 6 9 8 
4 2 3 9 8 6 5 1 7 
9 8 6 5 1 7 4 2 3 
5 1 7 4 2 3 9 8 6 

2 8 4 6 3 9 1 7 5 
6 3 9 1 7 5 2 8 4 
1 7 5 2 8 4 6 3 9 
8 4 2 3 9 6 7 5 1 
3 9 6 7 5 1 8 4 2 
7 5 1 8 4 2 3 9 6 
4 2 8 9 6 3 5 1 7 
9 6 3 5 1 7 4 2 8 
5 1 7 4 2 8 9 6 3 

2 6 8 4 3 9 1 7 5 
4 3 9 1 7 5 2 6 8 
1 7 5 2 6 8 4 3 9 
6 8 2 3 9 4 7 5 1 
3 9 4 7 5 1 6 8 2 
7 5 1 6 8 2 3 9 4 
8 2 6 9 4 3 5 1 7 
9 4 3 5 1 7 8 2 6 
5 1 7 8 2 6 9 4 3 

2 4 3 8 6 9 1 7 5 
8 6 9 1 7 5 2 4 3 
1 7 5 2 4 3 8 6 9 
4 3 2 6 9 8 7 5 1 
6 9 8 7 5 1 4 3 2 
7 5 1 4 3 2 6 9 8 
3 2 4 9 8 6 5 1 7 
9 8 6 5 1 7 3 2 4 
5 1 7 3 2 4 9 8 6 

2 4 3 6 8 9 1 7 5 
6 8 9 1 7 5 2 4 3 
1 7 5 2 4 3 6 8 9 
4 3 2 8 9 6 7 5 1 
8 9 6 7 5 1 4 3 2 
7 5 1 4 3 2 8 9 6 
3 2 4 9 6 8 5 1 7 
9 6 8 5 1 7 3 2 4 
5 1 7 3 2 4 9 6 8 

2 6 8 4 3 9 1 7 5 
4 3 9 1 7 5 2 6 8 
1 7 5 2 6 8 4 3 9 
6 8 2 3 9 4 7 5 1 
3 9 4 7 5 1 6 8 2 
7 5 1 6 8 2 3 9 4 
8 2 6 9 4 3 5 1 7 
9 4 3 5 1 7 8 2 6 
5 1 7 8 2 6 9 4 3 

2 8 4 6 3 9 1 7 5 
6 3 9 1 7 5 2 8 4 
1 7 5 2 8 4 6 3 9 
8 4 2 3 9 6 7 5 1 
3 9 6 7 5 1 8 4 2 
7 5 1 8 4 2 3 9 6 
4 2 8 9 6 3 5 1 7 
9 6 3 5 1 7 4 2 8 
5 1 7 4 2 8 9 6 3 

2 4 3 6 8 9 1 7 5 
6 8 9 1 7 5 2 4 3 
1 7 5 2 4 3 6 8 9 
4 3 2 8 9 6 7 5 1 
8 9 6 7 5 1 4 3 2 
7 5 1 4 3 2 8 9 6 
3 2 4 9 6 8 5 1 7 
9 6 8 5 1 7 3 2 4 
5 1 7 3 2 4 9 6 8 

2 6 4 8 3 9 1 7 5 
8 3 9 1 7 5 2 6 4 
1 7 5 2 6 4 8 3 9 
6 4 2 3 9 8 7 5 1 
3 9 8 7 5 1 6 4 2 
7 5 1 6 4 2 3 9 8 
4 2 6 9 8 3 5 1 7 
9 8 3 5 1 7 4 2 6 
5 1 7 4 2 6 9 8 3 

2 6 4 3 8 9 1 7 5 
3 8 9 1 7 5 2 6 4 
1 7 5 2 6 4 3 8 9 
6 4 2 8 9 3 7 5 1 
8 9 3 7 5 1 6 4 2 
7 5 1 6 4 2 8 9 3 
4 2 6 9 3 8 5 1 7 
9 3 8 5 1 7 4 2 6 
5 1 7 4 2 6 9 3 8 

2 4 3 8 6 9 1 7 5 
8 6 9 1 7 5 2 4 3 
1 7 5 2 4 3 8 6 9 
4 3 2 6 9 8 7 5 1 
6 9 8 7 5 1 4 3 2 
7 5 1 4 3 2 6 9 8 
3 2 4 9 8 6 5 1 7 
9 8 6 5 1 7 3 2 4 
5 1 7 3 2 4 9 8 6 

2 8 6 3 4 9 1 7 5 
3 4 9 1 7 5 2 8 6 
1 7 5 2 8 6 3 4 9 
8 6 2 4 9 3 7 5 1 
4 9 3 7 5 1 8 6 2 
7 5 1 8 6 2 4 9 3 
6 2 8 9 3 4 5 1 7 
9 3 4 5 1 7 6 2 8 
5 1 7 6 2 8 9 3 4 
