
2 1 5 3 4 8 7 6 9 
3 4 8 7 6 9 2 1 5 
7 6 9 2 1 5 3 4 8 
1 5 2 4 8 3 6 9 7 
4 8 3 6 9 7 1 5 2 
6 9 7 1 5 2 4 8 3 
5 2 1 8 3 4 9 7 6 
8 3 4 9 7 6 5 2 1 
9 7 6 5 2 1 8 3 4 

2 3 4 5 1 8 7 6 9 
5 1 8 7 6 9 2 3 4 
7 6 9 2 3 4 5 1 8 
3 4 2 1 8 5 6 9 7 
1 8 5 6 9 7 3 4 2 
6 9 7 3 4 2 1 8 5 
4 2 3 8 5 1 9 7 6 
8 5 1 9 7 6 4 2 3 
9 7 6 4 2 3 8 5 1 

2 3 5 4 1 8 7 6 9 
4 1 8 7 6 9 2 3 5 
7 6 9 2 3 5 4 1 8 
3 5 2 1 8 4 6 9 7 
1 8 4 6 9 7 3 5 2 
6 9 7 3 5 2 1 8 4 
5 2 3 8 4 1 9 7 6 
8 4 1 9 7 6 5 2 3 
9 7 6 5 2 3 8 4 1 
